   1         "t-ao"   35  116.905266  56.651310  38.317146
   2           "er"   13   48.284145  19.267284 161.757782
   3           "si"   15   60.325676 153.391602 360.704041
   4           "sp"  886  634.716309
   5           "wu"   10   21.433905  78.984756 198.617615
   6           "yi"   19   92.945053 216.806610 326.846069
   7         "l+ai"   78  410.566162 866.998840 526.111572
   8         "l+iu"   10   10.103794  13.621235  11.855616
   9         "l-ai"   78  506.595673 146.502045 125.722931
  10         "l-iu"   10   13.540147  38.192883  23.389597
  11       "h-ei+g"   38  239.347641 110.880089 120.706116
  12       "e-t+ao"   35  360.936981 422.907196 311.122620
  13      "yin-q+i"  140  771.229492 644.213074 394.968597
  14      "iu-n+ai"  140  174.581070 151.341888 340.833954
  15     "ong-z+ao"   33  205.624420 151.764145 435.721100
  16        "ch+un"   34  290.941345 216.622086 112.206100
  17        "ch-un"   34  135.055130 443.724792 251.260757
  18         "n+iu"  140  272.588898 336.364563 643.859375
  19         "n-ai"  140  980.151428 1146.814331 839.281860
  20          "b+a"   16   67.927834  24.902245  16.626223
  21          "b-a"   16   49.772064 136.609497  27.890482
  22          "g-u"   38  384.581390 356.288025 206.649506
  23          "h+e"   35  302.125488 132.834152 124.814041
  24          "q+i"   15   30.812548  15.283029  26.451368
  25          "q-i"   15   54.426353 147.036789  73.250603
  26          "shi"   18   62.891914 224.762711 471.146301
  27          "sil"  280  5319.738770 634.716309 547.932190
  28          "w+o"   46  330.656586 656.021606 271.891602
  29          "w-o"   46  234.191971 360.955536 563.170166
  30          "x+i"  140  568.591797 313.381165 347.373352
  31       "ei-g+u"   38  340.510986 195.451874 337.631927
  32         "h+ei"   38  264.375336 154.215988 136.913925
  33         "y+ao"   62  300.809570 928.686462 415.680634
  34         "y-ao"   62  280.867615 275.277344 465.223907
  35      "x-i+ang"  140  295.069672 707.191833 692.882874
  36        "i-ang"  140  348.342255 542.322327 963.024170
  37       "n-iu+n"  140  529.284973 876.120850 296.604431
  38      "h-ong+z"   33  272.291534 339.525970 223.758316
  39         "i-ao"  140  240.727631 398.250793 828.353638
  40         "z-ao"   33  388.453583  61.887836  37.582951
  41        "h+ong"   33  279.425873 134.666351 102.134445
  42         "j+iu"   16   16.014238  49.265644 108.930367
  43         "j-iu"   16   28.572107  18.875967  18.772608
  44         "s+an"    8   17.994343  28.747692  49.524147
  45         "s-an"    8   66.092155  42.002422 118.528786
  46        "yin+q"  140  717.099548 591.730042 1398.754272
  47        "h-e+t"   35  264.722748 138.311096 252.188004
  48       "q-i+ao"  140  320.996735 417.365662 357.358215
