   1         "t-ao"   35  121.082077  60.126163  34.997993
   2           "er"   13   43.988621  28.476984 222.788910
   3           "si"   15   58.178288 177.870056 360.982544
   4           "sp"  886  644.880676
   5           "wu"   10   20.077032  54.019367 225.462112
   6           "yi"   19   93.922722 217.599609 326.629181
   7         "l+ai"   78  410.896545 855.760315 427.047760
   8         "l+iu"   10   18.780088   9.999840  17.899414
   9         "l-ai"   78  422.092926 117.615700 133.620575
  10         "l-iu"   10   10.000139  33.741802  10.000155
  11       "h-ei+g"   38  242.979446 110.842857 119.491943
  12       "e-t+ao"   35  356.994843 426.818604 309.005157
  13      "yin-q+i"  140  771.232300 644.328064 397.441925
  14      "iu-n+ai"  140  143.788498 140.590683 140.023407
  15     "ong-z+ao"   33  198.083237 160.017593 454.334259
  16        "ch+un"   34  279.843964 216.946732 111.471443
  17        "ch-un"   34  127.591515 429.309784 273.736115
  18         "n+iu"  140  277.005249 326.165344 632.575989
  19         "n-ai"  140  1200.274658 1146.248291 820.707947
  20          "b+a"   16   58.169327  30.836033  24.137997
  21          "b-a"   16   52.540985 143.476700 123.651802
  22          "g-u"   38  379.541260 330.845032 236.001831
  23          "h+e"   35  317.536957 128.684937 126.440819
  24          "q+i"   15   15.003831  15.046150  20.614466
  25          "q-i"   15   58.168476 144.209183  72.889252
  26          "shi"   18   62.526642 231.090271 471.865295
  27          "sil"  280  5319.319824 644.880676 548.046509
  28          "w+o"   46  341.124451 656.067322 262.438141
  29          "w-o"   46  233.185760 359.104645 574.955994
  30          "x+i"  140  648.211853 323.635193 362.198334
  31       "ei-g+u"   38  340.185913 199.062180 337.042969
  32         "h+ei"   38  277.252899 157.219177 138.379227
  33         "y+ao"   62  296.247009 945.122620 396.852661
  34         "y-ao"   62  273.586517 253.605301 417.871338
  35      "x-i+ang"  140  268.512115 736.060120 662.359985
  36        "i-ang"  140  349.102020 558.304626 979.274048
  37       "n-iu+n"  140  540.468628 875.424683 338.879089
  38      "h-ong+z"   33  274.688507 338.940338 222.527298
  39         "i-ao"  140  176.462067 401.285034 823.748352
  40         "z-ao"   33  378.619751  59.271687  32.997746
  41        "h+ong"   33  295.960175 136.729660  99.128494
  42         "j+iu"   16   26.007524  52.399925 116.675613
  43         "j-iu"   16   18.010332  15.999838  15.999838
  44         "s+an"    8   19.490767  28.214808  50.592712
  45         "s-an"    8   66.340782  41.991814 118.784973
  46        "yin+q"  140  707.433044 584.163269 1406.620361
  47        "h-e+t"   35  264.937622 139.436005 251.932953
  48       "q-i+ao"  140  334.001648 386.281036 395.929840
